[simulation_info]

name  = "./data/symGauge/Lx4_Ly4_BC11_b4.00/photon_minicoup_square_U8.00_w1.00_g10.00_mu0.00_Lx4_Ly4_BC11_b4.00_eqavg0_tdavg0_init0"
sID   = 1
pID   = 0
smoqydqmc_version = "1.0.16"
julia_version     = "1.11.2"

[additional_info]
N_bins = 10
N_burnin = 0
N_updates = 100
Nt = 8
bin_size = 10
checkerboard = false
dG = 15844.026140704182
dG_max = 1.0e-6
dt = 0.039269908169872414
hmc_acceptance_rate = 0.05
local_acceptance_rate = 0.36957812500000026
n_stab_final = 1
n_stab_init = 10
reflection_acceptance_rate = 1.0
seed = 4581400782071041648
symmetric = false
